5 0.6678743961352657 0.725 0.00644122383252818 0.0265625
0 0.6243961352657005 0.725 0.008051529790660225 0.025
5 0.677133655394525 0.703125 0.002012882447665056 0.00625
5 0.6871980676328503 0.6859375 0.001610305958132045 0.00625
5 0.5221417069243156 0.64375 0.007246376811594203 0.028125
5 0.5080515297906603 0.628125 0.008051529790660225 0.025
5 0.4851046698872786 0.6265625 0.007648953301127214 0.021875
5 0.46497584541062803 0.625 0.005636070853462158 0.0203125
5 0.4726247987117552 0.6171875 0.005233494363929146 0.0234375
5 0.5656199677938808 0.703125 0.006038647342995169 0.0296875
5 0.57085346215781 0.8234375 0.007648953301127214 0.034375
5 0.35950080515297905 0.6796875 0.006843800322061192 0.0359375
0 0.2894524959742351 0.7921875 0.016505636070853463 0.0734375
0 0.3389694041867955 0.8859375 0.0426731078904992 0.0578125
0 0.44363929146537845 0.8546875 0.04146537842190016 0.065625
0 0.5169082125603864 0.853125 0.08252818035426732 0.08125
0 0.644122383252818 0.853125 0.12600644122383253 0.0875
0 0.7181964573268921 0.9515625 0.1280193236714976 0.071875
0 0.8011272141706924 0.8546875 0.05636070853462158 0.0515625
0 0.8542673107890499 0.5953125 0.046296296296296294 0.0921875