4 0.07407407407407407 0.584375 0.1469404186795491 0.190625
0 0.07447665056360708 0.65 0.07326892109500806 0.05
0 0.1823671497584541 0.6515625 0.05152979066022544 0.059375
0 0.19685990338164253 0.525 0.048711755233494365 0.06875
0 0.29549114331723025 0.6421875 0.10909822866344605 0.05
5 0.2689210950080515 0.671875 0.008454106280193236 0.034375
0 0.30475040257648955 0.51875 0.1107085346215781 0.0796875
0 0.44122383252818037 0.653125 0.11352657004830918 0.0765625
0 0.5696457326892109 0.65 0.13285024154589373 0.06875
0 0.5410628019323671 0.5515625 0.09541062801932366 0.0640625
0 0.6574074074074074 0.5515625 0.08132045088566828 0.06875
0 0.8176328502415459 0.728125 0.3615136876006441 0.196875