1 0.0821256038647343 0.4421875 0.16183574879227053 0.040625
5 0.1723027375201288 0.4484375 0.013285024154589372 0.0484375
5 0.20853462157809985 0.49375 0.010869565217391304 0.040625
1 0.22987117552334943 0.44375 0.08132045088566828 0.040625
1 0.2809983896940419 0.4484375 0.01247987117552335 0.03125
1 0.37399355877616747 0.4578125 0.08091787439613526 0.0578125
1 0.42592592592592593 0.453125 0.010869565217391304 0.04375
1 0.5108695652173914 0.4484375 0.11553945249597423 0.06875
1 0.6211755233494364 0.45625 0.09178743961352658 0.08125
1 0.748792270531401 0.4578125 0.14090177133655393 0.06875
1 0.9114331723027376 0.4625 0.1719001610305958 0.0796875