0 0.40625 0.41748046875 0.042236328125 0.044677734375
1 0.22021484375 0.348876953125 0.176025390625 0.0810546875
0 0.2763671875 0.1279296875 0.015869140625 0.013427734375
0 0.339111328125 0.13037109375 0.017822265625 0.01708984375
0 0.105224609375 0.5009765625 0.01513671875 0.01513671875
0 0.25634765625 0.864990234375 0.0107421875 0.010986328125
1 0.314697265625 0.263427734375 0.27099609375 0.059326171875
0 0.939697265625 0.594970703125 0.0126953125 0.01318359375
0 0.6826171875 0.692626953125 0.011962890625 0.01025390625
0 0.714599609375 0.724853515625 0.015380859375 0.016845703125
0 0.776611328125 0.809814453125 0.0146484375 0.01611328125