0 0.036376953125 0.2099609375 0.01318359375 0.011474609375
0 0.015625 0.16796875 0.009521484375 0.010009765625
0 0.057373046875 0.258544921875 0.011962890625 0.012939453125
0 0.0791015625 0.294921875 0.012939453125 0.0126953125
0 0.086669921875 0.362060546875 0.022705078125 0.022216796875
0 0.2421875 0.488037109375 0.01953125 0.020263671875
0 0.19775390625 0.575439453125 0.0263671875 0.02734375
0 0.17529296875 0.596923828125 0.020263671875 0.024658203125
0 0.10693359375 0.71826171875 0.0185546875 0.018798828125
0 0.08349609375 0.71728515625 0.02294921875 0.017333984375
0 0.049072265625 0.742431640625 0.024658203125 0.018798828125
0 0.0126953125 0.786376953125 0.013671875 0.013671875
0 0.022705078125 0.785888671875 0.010009765625 0.01123046875
0 0.3662109375 0.69140625 0.01708984375 0.023193359375
0 0.934814453125 0.435546875 0.029052734375 0.03125