0 0.3115234375 0.202392578125 0.01171875 0.01416015625
0 0.442626953125 0.216796875 0.013671875 0.017333984375
1 0.458251953125 0.365478515625 0.0517578125 0.031982421875
1 0.4404296875 0.411376953125 0.037841796875 0.02587890625
1 0.50830078125 0.3779296875 0.031982421875 0.025634765625
0 0.53466796875 0.329345703125 0.0166015625 0.014892578125
0 0.447509765625 0.439453125 0.01611328125 0.014892578125
0 0.742919921875 0.294921875 0.01318359375 0.013916015625
0 0.720947265625 0.258544921875 0.01171875 0.011474609375
0 0.750244140625 0.35986328125 0.022705078125 0.021240234375
0 0.90576171875 0.4873046875 0.03662109375 0.0341796875
0 0.57958984375 0.49951171875 0.0283203125 0.026611328125
0 0.572021484375 0.459228515625 0.024658203125 0.0234375
0 0.860595703125 0.575439453125 0.017333984375 0.015380859375
0 0.837158203125 0.59814453125 0.01416015625 0.015869140625
0 0.699951171875 0.209228515625 0.010986328125 0.01220703125
0 0.662841796875 0.16748046875 0.014892578125 0.014892578125
0 0.680908203125 0.1689453125 0.017333984375 0.015869140625