0 0.04638671875 0.02490234375 0.015380859375 0.01611328125
0 0.18212890625 0.013427734375 0.018310546875 0.017578125
0 0.24267578125 0.004638671875 0.016845703125 0.00927734375
0 0.025146484375 0.286376953125 0.02099609375 0.017333984375
0 0.115966796875 0.216796875 0.017578125 0.018310546875
0 0.17041015625 0.42529296875 0.01806640625 0.018310546875
0 0.1806640625 0.412841796875 0.0146484375 0.01611328125
0 0.237060546875 0.41455078125 0.013916015625 0.018310546875
0 0.209228515625 0.430908203125 0.012939453125 0.012451171875
0 0.21533203125 0.46533203125 0.013916015625 0.01611328125
0 0.267822265625 0.484375 0.01611328125 0.0166015625
0 0.2275390625 0.57568359375 0.013671875 0.013427734375
0 0.24169921875 0.584228515625 0.0078125 0.007568359375
0 0.251708984375 0.616943359375 0.00732421875 0.00830078125
0 0.290771484375 0.0771484375 0.010986328125 0.01318359375
0 0.314453125 0.26611328125 0.02294921875 0.01806640625
0 0.35693359375 0.346435546875 0.01953125 0.020751953125
0 0.364501953125 0.445556640625 0.0146484375 0.01318359375
0 0.343505859375 0.44970703125 0.01611328125 0.016357421875
0 0.579345703125 0.489501953125 0.01708984375 0.01806640625
0 0.96044921875 0.4111328125 0.019287109375 0.0166015625
0 0.8798828125 0.4453125 0.018798828125 0.02099609375