1 0.17109375 0.703125 0.1953125 0.0875
6 0.62109375 0.6984375 0.221875 0.19609375
1 0.634375 0.715625 0.18515625 0.05390625
5 0.025 0.7046875 0.04765625 0.12734375
2 0.321875 0.703125 0.06796875 0.11640625
2 0.40703125 0.70625 0.08984375 0.10234375
2 0.4921875 0.7125 0.03515625 0.1125
2 0.9859375 0.7328125 0.028125 0.10625
1 0.8734375 0.72578125 0.19453125 0.02890625
6 0.77421875 0.6625 0.05234375 0.09453125
5 0.96484375 0.83671875 0.06484375 0.0828125
6 0.784375 0.77421875 0.04140625 0.0453125
0 0.86953125 0.840625 0.03359375 0.07265625
0 0.8671875 0.621875 0.06953125 0.06640625