5 0.06953125 0.45390625 0.00703125 0.02734375
5 0.0609375 0.4578125 0.00703125 0.02890625
5 0.0421875 0.45 0.00703125 0.0328125
5 0.02734375 0.44765625 0.0078125 0.0265625
5 0.0109375 0.44375 0.00703125 0.02265625
5 0.21328125 0.45859375 0.01171875 0.0390625
5 0.22421875 0.459375 0.0046875 0.021875
5 0.246875 0.4609375 0.01328125 0.03515625
5 0.23125 0.4609375 0.0046875 0.0171875
1 0.8921875 0.5171875 0.0796875 0.14609375
1 0.74453125 0.4921875 0.13828125 0.134375
1 0.5921875 0.5046875 0.0484375 0.10390625
5 0.33203125 0.4765625 0.14375 0.096875