5 0.66796875 0.72421875 0.00625 0.02578125
0 0.62421875 0.725 0.0078125 0.025
5 0.67734375 0.703125 0.00234375 0.00703125
5 0.68671875 0.6859375 0.0015625 0.00625
5 0.52265625 0.64296875 0.00703125 0.028125
5 0.5078125 0.628125 0.00859375 0.02578125
5 0.48515625 0.62734375 0.0078125 0.021875
5 0.46484375 0.62421875 0.00546875 0.02109375
5 0.47265625 0.61796875 0.00546875 0.02421875
5 0.565625 0.70390625 0.00625 0.0296875
5 0.57109375 0.8234375 0.0078125 0.03359375
5 0.359375 0.6796875 0.00703125 0.0359375
0 0.28984375 0.79140625 0.01640625 0.07421875
0 0.3390625 0.88515625 0.04296875 0.0578125
0 0.44375 0.85546875 0.04140625 0.065625
0 0.5171875 0.85390625 0.08203125 0.08203125
0 0.64453125 0.85390625 0.12578125 0.08828125
0 0.71875 0.9515625 0.128125 0.07265625
0 0.8015625 0.85390625 0.05625 0.05234375
0 0.8546875 0.59609375 0.04609375 0.09140625