1 0.08275862068965517 0.4444444444444444 0.16137931034482758 0.037037037037037035
5 0.1724137931034483 0.4497354497354497 0.012413793103448275 0.047619047619047616
5 0.2082758620689655 0.49206349206349204 0.009655172413793104 0.037037037037037035
1 0.2303448275862069 0.4444444444444444 0.08 0.037037037037037035
1 0.2813793103448276 0.4497354497354497 0.012413793103448275 0.026455026455026454
1 0.3737931034482759 0.455026455026455 0.08 0.0582010582010582
1 0.4262068965517241 0.455026455026455 0.009655172413793104 0.042328042328042326
1 0.5103448275862069 0.4497354497354497 0.11448275862068966 0.06349206349206349
1 0.6206896551724138 0.455026455026455 0.0910344827586207 0.07936507936507936
1 0.7489655172413793 0.455026455026455 0.1406896551724138 0.06349206349206349
1 0.9117241379310345 0.4603174603174603 0.17103448275862068 0.07936507936507936