5 0.6684782608695652 0.7287234042553191 0.005434782608695652 0.02127659574468085
0 0.625 0.7287234042553191 0.006793478260869565 0.02127659574468085
5 0.6779891304347826 0.7074468085106383 0.001358695652173913 0.005319148936170213
5 0.6875 0.6914893617021277 0.001358695652173913 0.005319148936170213
5 0.5230978260869565 0.648936170212766 0.006793478260869565 0.026595744680851064
5 0.5081521739130435 0.6329787234042553 0.008152173913043478 0.02127659574468085
5 0.485054347826087 0.6329787234042553 0.006793478260869565 0.02127659574468085
5 0.46467391304347827 0.6276595744680851 0.005434782608695652 0.015957446808510637
5 0.47282608695652173 0.6223404255319149 0.004076086956521739 0.02127659574468085
5 0.5665760869565217 0.7074468085106383 0.005434782608695652 0.026595744680851064
5 0.5706521739130435 0.8297872340425532 0.006793478260869565 0.031914893617021274
5 0.360054347826087 0.6808510638297872 0.005434782608695652 0.031914893617021274
0 0.28940217391304346 0.7978723404255319 0.016304347826086956 0.06914893617021277
0 0.33967391304347827 0.8882978723404256 0.042119565217391304 0.05319148936170213
0 0.44429347826086957 0.8617021276595744 0.04076086956521739 0.06382978723404255
0 0.5176630434782609 0.8563829787234043 0.08152173913043478 0.0797872340425532
0 0.6440217391304348 0.8563829787234043 0.125 0.0851063829787234
0 0.71875 0.9574468085106383 0.12771739130434784 0.06914893617021277
0 0.8016304347826086 0.8563829787234043 0.05570652173913043 0.047872340425531915
0 0.8546195652173914 0.601063829787234 0.04483695652173913 0.09042553191489362