4 0.07349081364829396 0.5873015873015873 0.14698162729658792 0.19047619047619047
0 0.07480314960629922 0.6507936507936508 0.07217847769028872 0.047619047619047616
0 0.18241469816272965 0.6507936507936508 0.051181102362204724 0.0582010582010582
0 0.1968503937007874 0.5238095238095238 0.048556430446194225 0.06349206349206349
0 0.2952755905511811 0.6402116402116402 0.1089238845144357 0.047619047619047616
5 0.2690288713910761 0.671957671957672 0.007874015748031496 0.031746031746031744
0 0.30446194225721784 0.5185185185185185 0.11023622047244094 0.07936507936507936
0 0.4409448818897638 0.656084656084656 0.11286089238845144 0.07407407407407407
0 0.5695538057742782 0.6507936507936508 0.1325459317585302 0.06349206349206349
0 0.5406824146981627 0.5502645502645502 0.09448818897637795 0.06349206349206349
0 0.65748031496063 0.5502645502645502 0.08005249343832022 0.06878306878306878
0 0.8175853018372703 0.7301587301587301 0.36089238845144356 0.19576719576719576