5 0.06998654104979811 0.455026455026455 0.006729475100942127 0.026455026455026454
5 0.06056527590847914 0.455026455026455 0.006729475100942127 0.026455026455026454
5 0.04172274562584118 0.4497354497354497 0.006729475100942127 0.031746031746031744
5 0.026917900403768506 0.4497354497354497 0.006729475100942127 0.026455026455026454
5 0.010767160161507403 0.4444444444444444 0.006729475100942127 0.021164021164021163
5 0.21399730820995963 0.4603174603174603 0.010767160161507403 0.037037037037037035
5 0.22476446837146702 0.4603174603174603 0.004037685060565276 0.021164021164021163
5 0.24629878869448182 0.4603174603174603 0.012113055181695828 0.031746031746031744
5 0.23149394347240915 0.4603174603174603 0.004037685060565276 0.015873015873015872
1 0.892328398384926 0.5185185185185185 0.07940780619111709 0.14285714285714285
1 0.7442799461641992 0.49206349206349204 0.13728129205921938 0.13227513227513227
1 0.5921938088829072 0.5026455026455027 0.047106325706594884 0.10052910052910052
5 0.33243606998654107 0.47619047619047616 0.1426648721399731 0.09523809523809523