1 0.17128027681660898 0.7037037037037037 0.19550173010380623 0.08465608465608465
6 0.6228373702422145 0.6984126984126984 0.22145328719723184 0.19576719576719576
1 0.6349480968858131 0.7142857142857143 0.185121107266436 0.05291005291005291
5 0.025951557093425604 0.7037037037037037 0.04671280276816609 0.12698412698412698
2 0.3217993079584775 0.7037037037037037 0.06747404844290658 0.1111111111111111
2 0.40657439446366783 0.7037037037037037 0.08996539792387544 0.10052910052910052
2 0.4930795847750865 0.7142857142857143 0.03460207612456748 0.1111111111111111
2 0.9870242214532872 0.7354497354497355 0.025951557093425604 0.10582010582010581
1 0.8737024221453287 0.7248677248677249 0.19377162629757785 0.026455026455026454
6 0.7750865051903114 0.6613756613756614 0.05190311418685121 0.08994708994708994
5 0.9653979238754326 0.8359788359788359 0.06401384083044982 0.07936507936507936
6 0.7854671280276817 0.7724867724867724 0.039792387543252594 0.042328042328042326
0 0.870242214532872 0.8412698412698413 0.0328719723183391 0.06878306878306878
0 0.8685121107266436 0.6190476190476191 0.06920415224913495 0.06349206349206349