5 0.097900390625 0.83056640625 0.011962890625 0.015380859375
5 0.13525390625 0.898681640625 0.0244140625 0.017822265625
5 0.472412109375 0.862548828125 0.010009765625 0.009033203125
5 0.5478515625 0.9365234375 0.0146484375 0.0166015625
5 0.84130859375 0.7734375 0.00634765625 0.008056640625
5 0.837646484375 0.760498046875 0.008056640625 0.0087890625
0 0.751708984375 0.74853515625 0.043212890625 0.04736328125
5 0.067626953125 0.63623046875 0.008056640625 0.00830078125
5 0.5244140625 0.66943359375 0.01123046875 0.01123046875
7 0.654052734375 0.649658203125 0.0263671875 0.034423828125
0 0.80517578125 0.758056640625 0.031005859375 0.042724609375