5 0.0458984375 0.445556640625 0.02490234375 0.019775390625
5 0.106201171875 0.448486328125 0.022216796875 0.022216796875
5 0.166259765625 0.451416015625 0.028076171875 0.022216796875
5 0.237548828125 0.455810546875 0.0263671875 0.021484375
5 0.274658203125 0.456298828125 0.0234375 0.022216796875
2 0.69091796875 0.467529296875 0.071533203125 0.0458984375
5 0.842041015625 0.459228515625 0.047607421875 0.03564453125
5 0.884033203125 0.46142578125 0.020751953125 0.0185546875
5 0.908935546875 0.4599609375 0.02197265625 0.01904296875
5 0.9677734375 0.460693359375 0.047607421875 0.03759765625
7 0.93994140625 0.517333984375 0.03515625 0.03271484375