1 0.1703125 0.7033492822966507 0.1953125 0.0861244019138756
6 0.621875 0.6985645933014354 0.2203125 0.19617224880382775
1 0.634375 0.7177033492822966 0.184375 0.05263157894736842
5 0.025 0.7033492822966507 0.046875 0.12440191387559808
2 0.321875 0.7033492822966507 0.0671875 0.11483253588516747
2 0.40625 0.7081339712918661 0.0890625 0.10047846889952153
2 0.4921875 0.7129186602870813 0.034375 0.11004784688995216
2 0.9859375 0.7320574162679426 0.0265625 0.10526315789473684
1 0.8734375 0.7272727272727273 0.19375 0.028708133971291867
6 0.7734375 0.6650717703349283 0.0515625 0.09090909090909091
5 0.9640625 0.8373205741626795 0.0640625 0.08133971291866028
6 0.784375 0.7751196172248804 0.040625 0.0430622009569378
0 0.8703125 0.8421052631578947 0.0328125 0.07177033492822966
0 0.8671875 0.6220095693779905 0.06875 0.06220095693779904