4 0.0734375 0.5886075949367089 0.146875 0.189873417721519
0 0.075 0.6518987341772152 0.071875 0.05063291139240506
0 0.1828125 0.6518987341772152 0.0515625 0.056962025316455694
0 0.196875 0.5253164556962026 0.0484375 0.06329113924050633
0 0.2953125 0.6455696202531646 0.1078125 0.05063291139240506
5 0.26875 0.6772151898734177 0.0078125 0.03164556962025317
0 0.3046875 0.5189873417721519 0.109375 0.0759493670886076
0 0.440625 0.6582278481012658 0.1125 0.0759493670886076
0 0.5703125 0.6518987341772152 0.13125 0.06329113924050633
0 0.540625 0.5506329113924051 0.0953125 0.06329113924050633
0 0.6578125 0.5506329113924051 0.0796875 0.06329113924050633
0 0.8171875 0.7341772151898734 0.3609375 0.1962025316455696