5 0.0703125 0.4567901234567901 0.00625 0.024691358024691357
5 0.0609375 0.4567901234567901 0.00625 0.024691358024691357
5 0.0421875 0.4506172839506173 0.00625 0.030864197530864196
5 0.0265625 0.4506172839506173 0.00625 0.024691358024691357
5 0.0109375 0.4444444444444444 0.00625 0.018518518518518517
5 0.2140625 0.46296296296296297 0.0109375 0.037037037037037035
5 0.225 0.46296296296296297 0.0046875 0.018518518518518517
5 0.246875 0.46296296296296297 0.0125 0.030864197530864196
5 0.23125 0.46296296296296297 0.0046875 0.012345679012345678
1 0.8921875 0.5185185185185185 0.078125 0.1419753086419753
1 0.74375 0.49382716049382713 0.1375 0.12962962962962962
1 0.5921875 0.5061728395061729 0.046875 0.09876543209876543
5 0.3328125 0.48148148148148145 0.14375 0.09259259259259259