1 0.0828125 0.4457831325301205 0.1609375 0.03614457831325301
5 0.171875 0.45180722891566266 0.0125 0.04819277108433735
5 0.209375 0.4939759036144578 0.0109375 0.03614457831325301
1 0.2296875 0.4457831325301205 0.0796875 0.03614457831325301
1 0.28125 0.45180722891566266 0.0109375 0.030120481927710843
1 0.3734375 0.4578313253012048 0.0796875 0.05421686746987952
1 0.4265625 0.4578313253012048 0.009375 0.04216867469879518
1 0.5109375 0.45180722891566266 0.1140625 0.06626506024096386
1 0.6203125 0.4578313253012048 0.090625 0.0783132530120482
1 0.7484375 0.4578313253012048 0.140625 0.06626506024096386
1 0.9109375 0.463855421686747 0.171875 0.0783132530120482