5 0.6671875 0.725609756097561 0.00625 0.024390243902439025
0 0.625 0.725609756097561 0.0078125 0.024390243902439025
5 0.6765625 0.7012195121951219 0.0015625 0.006097560975609756
5 0.6875 0.6890243902439024 0.0015625 0.006097560975609756
5 0.521875 0.6463414634146342 0.00625 0.024390243902439025
5 0.5078125 0.6280487804878049 0.0078125 0.024390243902439025
5 0.484375 0.6280487804878049 0.00625 0.018292682926829267
5 0.465625 0.6280487804878049 0.0046875 0.018292682926829267
5 0.4734375 0.6158536585365854 0.0046875 0.018292682926829267
5 0.565625 0.7073170731707317 0.0046875 0.024390243902439025
5 0.5703125 0.823170731707317 0.00625 0.03048780487804878
5 0.359375 0.6829268292682927 0.00625 0.03048780487804878
0 0.2890625 0.7926829268292683 0.015625 0.07317073170731707
0 0.3390625 0.8841463414634146 0.0421875 0.054878048780487805
0 0.44375 0.8536585365853658 0.040625 0.06097560975609756
0 0.5171875 0.8536585365853658 0.08125 0.07926829268292683
0 0.64375 0.8536585365853658 0.125 0.08536585365853659
0 0.71875 0.9512195121951219 0.1265625 0.06707317073170732
0 0.8015625 0.8536585365853658 0.0546875 0.04878048780487805
0 0.8546875 0.5975609756097561 0.0453125 0.09146341463414634