1 0.082010582010582 0.4417989417989418 0.16203703703703703 0.04034391534391534
5 0.17195767195767195 0.44907407407407407 0.013227513227513227 0.04894179894179894
5 0.20899470899470898 0.4933862433862434 0.011243386243386243 0.041005291005291
1 0.23015873015873015 0.44312169312169314 0.08134920634920635 0.04034391534391534
1 0.2810846560846561 0.44841269841269843 0.012566137566137565 0.031746031746031744
1 0.37433862433862436 0.4576719576719577 0.08068783068783068 0.0582010582010582
1 0.42592592592592593 0.453042328042328 0.010582010582010581 0.04365079365079365
1 0.5105820105820106 0.44841269841269843 0.11507936507936507 0.06812169312169312
1 0.621031746031746 0.45701058201058203 0.09193121693121693 0.08134920634920635
1 0.7486772486772487 0.4576719576719577 0.14087301587301587 0.06812169312169312
1 0.9113756613756614 0.4623015873015873 0.17195767195767195 0.07936507936507936