1 0.17063492063492064 0.703042328042328 0.19576719576719576 0.0873015873015873
6 0.621031746031746 0.6984126984126984 0.22156084656084657 0.19642857142857142
1 0.6342592592592593 0.7156084656084656 0.18518518518518517 0.05423280423280423
5 0.02513227513227513 0.705026455026455 0.047619047619047616 0.12698412698412698
2 0.3220899470899471 0.703042328042328 0.06812169312169312 0.1164021164021164
2 0.40674603174603174 0.7063492063492064 0.08994708994708994 0.10251322751322751
2 0.49272486772486773 0.7123015873015873 0.03505291005291005 0.11243386243386243
2 0.9861111111111112 0.7334656084656085 0.027116402116402115 0.10714285714285714
1 0.873015873015873 0.7261904761904762 0.19444444444444445 0.0291005291005291
6 0.7738095238095238 0.6626984126984127 0.052248677248677246 0.09457671957671958
5 0.96494708994709 0.8366402116402116 0.06481481481481481 0.08267195767195767
6 0.7843915343915344 0.7738095238095238 0.041005291005291 0.04497354497354497
0 0.8697089947089947 0.8412698412698413 0.03306878306878307 0.07275132275132275
0 0.8670634920634921 0.6216931216931217 0.06944444444444445 0.0667989417989418