5 0.667989417989418 0.7242063492063492 0.006613756613756613 0.025793650793650792
0 0.6243386243386243 0.7255291005291006 0.007936507936507936 0.02513227513227513
5 0.6772486772486772 0.703042328042328 0.001984126984126984 0.006613756613756613
5 0.6871693121693122 0.6858465608465608 0.0013227513227513227 0.005952380952380952
5 0.5224867724867724 0.6435185185185185 0.007275132275132275 0.027777777777777776
5 0.5079365079365079 0.6283068783068783 0.007936507936507936 0.025793650793650792
5 0.48544973544973546 0.626984126984127 0.007275132275132275 0.022486772486772486
5 0.46494708994708994 0.6243386243386243 0.005291005291005291 0.021164021164021163
5 0.4728835978835979 0.6177248677248677 0.005291005291005291 0.02447089947089947
5 0.5654761904761905 0.7037037037037037 0.005952380952380952 0.02976190476190476
5 0.5707671957671958 0.8234126984126984 0.007936507936507936 0.03373015873015873
5 0.35912698412698413 0.6798941798941799 0.006613756613756613 0.03571428571428571
0 0.2896825396825397 0.7916666666666666 0.016534391534391533 0.07407407407407407
0 0.3392857142857143 0.8855820105820106 0.04298941798941799 0.057539682539682536
0 0.4437830687830688 0.8551587301587301 0.041666666666666664 0.06547619047619048
0 0.5171957671957672 0.8538359788359788 0.082010582010582 0.08134920634920635
0 0.6441798941798942 0.8538359788359788 0.12566137566137567 0.08796296296296297
0 0.7182539682539683 0.9517195767195767 0.12764550264550265 0.07275132275132275
0 0.8009259259259259 0.8538359788359788 0.056216931216931214 0.052248677248677246
0 0.8544973544973545 0.5958994708994709 0.046296296296296294 0.09126984126984126