5 0.0701058201058201 0.45436507936507936 0.006613756613756613 0.027116402116402115
5 0.06084656084656084 0.4576719576719577 0.007275132275132275 0.028439153439153438
5 0.042328042328042326 0.4497354497354497 0.007275132275132275 0.03306878306878307
5 0.027116402116402115 0.44775132275132273 0.007275132275132275 0.026455026455026454
5 0.011243386243386243 0.4437830687830688 0.006613756613756613 0.023148148148148147
5 0.21362433862433863 0.458994708994709 0.011904761904761904 0.03968253968253968
5 0.22420634920634921 0.45965608465608465 0.004629629629629629 0.022486772486772486
5 0.2466931216931217 0.460978835978836 0.013227513227513227 0.03505291005291005
5 0.23148148148148148 0.460978835978836 0.004629629629629629 0.017195767195767195
1 0.8921957671957672 0.5171957671957672 0.07936507936507936 0.14616402116402116
1 0.7440476190476191 0.49206349206349204 0.13822751322751323 0.13425925925925927
1 0.591931216931217 0.5046296296296297 0.04828042328042328 0.10383597883597884
5 0.33201058201058203 0.47685185185185186 0.14351851851851852 0.09722222222222222