4 0.07407407407407407 0.5853174603174603 0.14682539682539683 0.19047619047619047
0 0.07473544973544974 0.6494708994708994 0.07341269841269842 0.05026455026455026
0 0.18253968253968253 0.6507936507936508 0.051587301587301584 0.05886243386243386
0 0.1970899470899471 0.5251322751322751 0.04894179894179894 0.06812169312169312
0 0.29563492063492064 0.6421957671957672 0.10912698412698413 0.05026455026455026
5 0.26851851851851855 0.671957671957672 0.008597883597883597 0.03373015873015873
0 0.3048941798941799 0.5191798941798942 0.11044973544973545 0.08002645502645503
0 0.44113756613756616 0.6534391534391535 0.1130952380952381 0.07671957671957672
0 0.5694444444444444 0.6494708994708994 0.13293650793650794 0.06812169312169312
0 0.541005291005291 0.5515873015873016 0.09523809523809523 0.06415343915343916
0 0.6574074074074074 0.5509259259259259 0.08134920634920635 0.06878306878306878
0 0.8181216931216931 0.7288359788359788 0.3611111111111111 0.1970899470899471