1 0.1706924315619968 0.703125 0.1956521739130435 0.0875
6 0.6211755233494364 0.6984375 0.2214170692431562 0.196875
1 0.6344605475040258 0.715625 0.18518518518518517 0.0546875
5 0.0249597423510467 0.7046875 0.04750402576489533 0.1265625
2 0.322061191626409 0.703125 0.06843800322061191 0.115625
2 0.40700483091787437 0.70625 0.09017713365539452 0.103125
2 0.4923510466988728 0.7125 0.03542673107890499 0.1125
2 0.9863123993558777 0.734375 0.027375201288244767 0.1078125
1 0.8731884057971014 0.7265625 0.19444444444444445 0.028125
6 0.7741545893719807 0.6625 0.051932367149758456 0.0953125
5 0.964573268921095 0.8375 0.06521739130434782 0.0828125
6 0.784219001610306 0.7734375 0.04106280193236715 0.0453125
0 0.8695652173913043 0.840625 0.03341384863123994 0.0734375
0 0.8671497584541062 0.621875 0.06964573268921095 0.0671875