5 0.07004830917874397 0.4546875 0.006843800322061192 0.0265625
5 0.0607890499194847 0.4578125 0.007246376811594203 0.028125
5 0.042270531400966184 0.45 0.007246376811594203 0.0328125
5 0.026972624798711754 0.4484375 0.007648953301127214 0.0265625
5 0.011272141706924315 0.44375 0.006843800322061192 0.0234375
5 0.213768115942029 0.459375 0.012077294685990338 0.0390625
5 0.22423510466988728 0.459375 0.004830917874396135 0.021875
5 0.2463768115942029 0.4609375 0.013285024154589372 0.034375
5 0.23148148148148148 0.4609375 0.004830917874396135 0.0171875
1 0.8921095008051529 0.5171875 0.07930756843800323 0.1453125
1 0.7443639291465378 0.4921875 0.13808373590982287 0.134375
1 0.5917874396135265 0.5046875 0.04830917874396135 0.1046875
5 0.3325281803542673 0.4765625 0.14371980676328502 0.096875